0.100 0  0.0000
0.100 0  0.0000
0.100 0  0.0000
0.100 0  0.0000
0.100 0  0.0000
0.100 0  0.0000
0.100 0  0.0000
0.100 0  0.0000
0.100 0  0.0000
0.100 0  0.0000
0.100 0  0.0000
0.100 0  0.0000
0.100 0  0.0000
0.100 0  0.0000
0.100 0  0.1000
0.100 0  0.2000
0.100 0  0.3000
0.100 0  0.4000
0.100 0  0.8000
0.100 0  0.9000
0.100 0  0.1100
0.100 0  0.1300
0.100 0  0.2400
0.100 0  0.3500
0.100 0  0.4500
0.100 0  0.8500
0.100 0  0.9500
0.100 0  1.1100
0.100 0  1.1500
0.100 0  1.2000
0.100 0  1.3000
0.100 0  1.4000
0.100 0  1.8000
0.100 0  1.9000
0.100 0  2.1100
0.100 0  2.1300
0.100 0  2.2400
0.100 0  2.3500
0.100 0  2.4500
0.100 0  3.8500
0.100 0  3.9500
0.100 0  4.1100
0.100 0  6.2000
0.100 0  6.3000
0.100 0  7.4000
0.100 0  7.8000
0.100 0  9.9000
0.100 0  12.1100
0.100 0  13.1300
0.100 0  15.2400
0.100 0  16.3500
0.100 0  17.4500
0.100 0  18.8500
0.100 0  19.9500
0.100 0  22.1100
